No    Ref    V       B-V     U-B
 0001   548  18.468   1.944         
 0002   548  17.071   1.314         
 0003   548  21.192   1.306         
 0004   548  19.612   1.770         
 0005   548  21.286   1.356         
 0006   548  15.804   0.809         
 0007   548  17.802   1.549         
 0008   548  20.963   0.461         
 0009   548  20.642   1.429         
 0010   548  20.517   1.634         
 0011   548  16.791   0.899         
 0012   548  20.115   1.866         
 0013   548  17.901   1.384         
 0014   548  17.676   1.156         
 0015   548  17.625   1.527         
 0016   548  19.129   2.136         
 0017   548  15.630   1.468         
 0018   548  19.461   1.735         
 0019   548  17.815   1.229         
 0020   548  14.991   0.940         
 0021   548  16.770   1.060         
 0022   548  18.874   1.448         
 0023   548  19.645   1.681         
 0024   548  18.635   1.650         
 0025   548  19.518   1.546         
 0026   548  20.048   1.524         
 0027   548  17.329   1.259         
 0028   548  18.139   1.221         
 0029   548  17.468   1.441         
 0030   548  19.993   1.656         
 0031   548  19.779   1.687         
 0032   548  16.861   1.109         
 0033   548  17.310   1.131         
 0034   548  17.774   1.326         
 0035   548  20.392   2.377         
 0036   548  14.419   1.012         
 0037   548  17.510   1.149         
 0038   548  19.210   1.838         
 0039   548  17.181   1.122         
 0040   548  18.610   1.361         
 0041   548  17.925   1.421         
 0042   548  15.377   0.743         
 0043   548  18.509   1.670         
 0044   548  15.723   1.265         
 0045   548  20.430   2.328         
 0046   548  19.447   1.522         
 0047   548  17.824   1.394         
 0048   548  18.673   1.726         
 0049   548  18.106   1.465         
 0050   548  20.337   2.345         
 0051   548  20.625   0.979         
 0052   548  16.964   1.033         
 0053   548  21.223   2.205         
 0054   548  18.192   1.370         
 0055   548  19.699   1.870         
 0056   548  19.860   1.723         
 0057   548  18.033   1.402         
 0058   548  17.815   1.466         
 0059   548  15.113   0.838         
 0060   548  16.991   1.088         
 0061   548  19.429   1.581         
 0062   548  20.160   2.107         
 0063   548  18.631   1.511         
 0064   548  17.757   1.293         
 0065   548  19.541   1.863         
 0066   548  20.566   1.827         
 0067   548  20.342   1.996         
 0068   548  17.935   2.455         
 0069   548  17.936   1.270         
 0070   548  16.398   0.963         
 0071   548  16.727   1.234         
 0072   548  19.663   1.715         
 0073   548  18.219   1.461         
 0074   548  16.041   0.858         
 0075   548  18.731   1.392         
 0076   548  19.078   1.829         
 0077   548  17.193   1.269         
 0078   548  20.808   1.745         
 0079   548  18.759   1.547         
 0080   548  18.433   1.848         
 0081   548  19.111   2.296         
 0082   548  16.035   1.218         
 0083   548  17.392   1.415         
 0084   548  20.948   2.609         
 0085   548  18.554   1.446         
 0086   548  19.508   1.795         
 0087   548  17.335   2.371         
 0088   548  20.513   1.661         
 0089   548  14.368   2.055         
 0090   548  16.427   1.213         
 0091   548  18.829   1.820         
 0092   548  17.369   1.251         
 0093   548  16.578   0.983         
 0094   548  18.590   1.641         
 0095   548  20.418   1.722         
 0096   548  20.296   2.159         
 0097   548  20.906   2.320         
 0098   548  20.075   1.848         
 0099   548  17.626   1.451         
 0100   548  19.346   1.666         
 0101   548  15.788   0.954         
 0102   548  14.999   1.098         
 0103   548  18.938   1.571         
 0104   548  18.115   1.247         
 0105   548  19.014   1.444         
 0106   548  20.130   2.316         
 0107   548  20.568   1.855         
 0108   548  19.632   1.864         
 0109   548  21.188   1.741         
 0110   548  18.475   1.620         
 0111   548  20.556   1.866         
 0112   548  17.368   1.456         
 0113   548  19.808   1.802         
 0114   548  16.417   1.089         
 0115   548  19.004   2.861         
 0116   548  18.917   1.460         
 0117   548  15.072   0.675         
 0118   548  20.275   2.272         
 0119   548  19.812   2.057         
 0120   548  21.602   1.034         
 0121   548  18.198   1.515         
 0122   548  21.576   1.693         
 0123   548  20.052   1.853         
 0124   548  19.231   1.667         
 0125   548  18.535   1.514         
 0126   548  15.098   2.172         
 0127   548  17.535   1.401         
 0128   548  19.079   1.889         
 0129   548  19.810   1.940         
 0130   548  19.650   1.692         
 0131   548  18.190   1.309         
 0132   548  16.485   1.462         
 0133   548  19.475   3.175         
 0134   548  17.748   1.260         
 0135   548  17.033   2.705         
 0136   548  19.017   1.826         
 0137   548  19.730   1.807         
 0138   548  20.709   1.726         
 0139   548  15.391   1.027         
 0140   548  20.931   1.510         
 0141   548  20.945   2.099         
 0142   548  20.653   1.709         
 0143   548  19.094   1.610         
 0144   548  17.447   1.157         
 0145   548  15.959   1.156         
 0146   548  20.866   1.464         
 0147   548  20.307   2.069         
 0148   548  16.502   1.329         
 0149   548  20.001   2.052         
 0150   548  15.217   1.484         
 0151   548  17.521   1.634         
 0152   548  18.254   1.705         
 0153   548  19.550   2.298         
 0154   548  20.582   2.132         
 0155   548  16.947   2.827         
 0156   548  19.690   2.558         
 0157   548  19.920   1.844         
 0158   548  20.640   2.579         
 0159   548  15.700   1.073         
 0160   548  19.329   1.927         
 0161   548  19.084   1.716         
 0162   548  18.309   1.482         
 0163   548  20.145   1.853         
 0164   548  19.732   2.007         
 0165   548  18.971   1.469         
 0166   548  19.805   1.729         
 0167   548  17.868   1.373         
 0168   548  18.825   1.557         
 0169   548  19.001   1.623         
 0170   548  15.078   0.717         
 0171   548  17.834   1.345         
 0172   548  19.489   1.458         
 0173   548  19.716   2.118         
 0174   548  19.449   1.859         
 0175   548  18.793   1.455         
 0176   548  18.215   2.688         
 0177   548  20.086   1.827         
 0178   548  19.566   1.599         
 0179   548  19.331   1.716         
 0180   548  18.431   1.472         
 0181   548  15.845   1.033         
 0182   548  19.581   1.892         
 0183   548  18.687   1.844         
 0184   548  15.718   1.977         
 0185   548  17.185   1.321         
 0186   548  19.986   2.042         
 0187   548  13.235   0.607         
 0188   548  19.640   1.701         
 0189   548  19.713   2.608         
 0190   548  19.176   1.686         
 0191   548  19.798   1.697         
 0192   548  21.948   1.377         
 0193   548  18.467   1.343         
 0194   548  15.384   1.015         
 0195   548  13.687   0.638         
 0196   548  20.141   2.571         
 0197   548  17.398   2.362         
 0198   548  19.372   1.554         
 0199   548  20.391   1.709         
 0200   548  15.995   1.246         
 0201   548  18.519   1.606         
 0202   548  16.508   1.362         
 0203   548  19.517   1.661         
 0204   548  15.032   1.991         
 0205   548  16.741   1.409         
 0206   548  20.491   1.801         
 0207   548  16.738   1.153         
 0208   548  20.068   1.682         
 0209   548  19.128   2.747         
 0210   548  19.515   1.663         
 0211   548  19.821   1.792         
 0212   548  19.170   1.530         
 0213   548  18.814   1.824         
 0214   548  18.327   1.300         
 0215   548  19.215   1.455         
 0216   548  21.016   1.746         
 0217   548  20.111   2.075         
 0218   548  20.710   2.209         
 0219   548  20.028   1.776         
 0220   548  18.030   1.949         
 0221   548  19.924   2.084         
 0222   548  17.010   1.033         
 0223   548  19.441   1.976         
 0224   548  19.816   1.664         
 0225   548  17.986   1.662         
 0226   548  20.904   1.350         
 0227   548  17.041   1.083         
 0228   548  19.399   1.611         
 0229   548  16.755   1.675         
 0230   548  18.623   1.691         
 0231   548  19.241   1.661         
 0232   548  20.311   2.003         
 0233   548  22.121   2.107         
 0234   548  20.247   2.114         
 0235   548  16.241   1.659         
 0236   548  19.155   1.526         
 0237   548  19.305   1.756         
 0238   548  19.991   1.563         
 0239   548  19.511   1.739         
 0240   548  18.942   1.474         
 0241   548  19.072   1.653         
 0242   548  19.702   1.692         
 0243   548  19.076   1.683         
 0244   548  19.113   1.522         
 0245   548  17.785   1.606         
 0246   548  19.469   1.834         
 0247   548  20.180   2.039         
 0248   548  17.863   1.527         
 0249   548  16.420   1.217         
 0250   548  18.490   1.820         
 0251   548  18.187   2.152         
 0252   548  18.140   1.890         
 0253   548  19.549   1.837         
 0254   548  18.511   1.723         
 0255   548  18.634   1.378         
 0256   548  18.192   1.484         
 0257   548  19.011   1.660         
 0258   548  19.172   1.602         
 0259   548  18.469   1.476         
 0260   548  17.196   2.551         
 0261   548  18.602   1.484         
 0262   548  18.631   1.815         
 0263   548  19.118   1.525         
 0264   548  18.029   1.316         
 0265   548  19.279   1.531         
 0266   548  19.513   1.790         
 0267   548  19.343   1.775         
 0268   548  15.445   2.172         
 0269   548  18.806   1.559         
 0270   548  17.510   1.530         
 0271   548  18.451   1.644         
 0272   548  21.439   1.352         
 0273   548  16.952   1.246         
 0274   548  15.149   0.882         
 0275   548  19.471   2.965         
 0276   548  16.931   1.214         
 0277   548  20.163   1.937         
 0278   548  19.221   4.694         
 0279   548  19.874   1.576         
 0280   548  18.621   1.588         
 0281   548  19.115   1.459         
 0282   548  19.065   1.530         
 0283   548  20.085   2.328         
 0284   548  16.893   1.208         
 0285   548  18.716   1.796         
 0286   548  17.822   1.383         
 0287   548  19.712   1.670         
 0288   548  19.138   1.867         
 0289   548  19.819   1.628         
 0290   548  16.590   1.060         
 0291   548  19.933   1.927         
 0292   548  17.450   1.204         
 0293   548  16.603   1.231         
 0294   548  18.648   1.482         
 0295   548  20.642   1.402         
 0296   548  21.065   1.789         
 0297   548  19.316   1.795         
 0298   548  17.768   1.451         
 0299   548  19.152   1.585         
 0300   548  19.259   1.798         
 0301   548  16.547   1.092         
 0302   548  19.633   1.567         
 0303   548  17.330   1.495         
 0304   548  19.848   1.614         
 0305   548  20.631   1.900         
 0306   548  19.230   1.657         
 0307   548  20.404   1.655         
 0308   548  19.071   1.656         
 0309   548  16.462   1.197         
 0310   548  19.683   1.830         
 0311   548  21.106   2.470         
 0312   548  18.958   1.820         
 0313   548  19.264   1.659         
 0314   548  15.695   1.900         
 0315   548  20.024   1.818         
 0316   548  19.058   1.692         
 0317   548  20.251   1.984         
 0318   548  17.837   1.855         
 0319   548  18.540   1.602         
 0320   548  19.444   1.676         
 0321   548  16.048   1.477         
 0322   548  17.528   2.780         
 0323   548  14.668   0.411         
 0324   548  16.039   1.320         
 0325   548  19.141   1.611         
 0326   548  19.973   1.574         
 0327   548  19.560   1.492         
 0328   548  19.948   2.094         
 0329   548  19.215   1.489         
 0330   548  19.453   1.693         
 0331   548  18.988   1.770         
 0332   548  19.218   1.688         
 0333   548  15.456   0.867         
 0334   548  19.672   1.680         
 0335   548  17.854   1.261         
 0336   548  19.481   1.892         
 0337   548  19.133   1.458         
 0338   548  16.021   1.093         
 0339   548  19.023   1.536         
 0340   548  19.613   1.575         
 0341   548  18.214   1.273         
 0342   548  19.129   1.666         
 0343   548  16.396   1.285         
 0344   548  17.569   1.211         
 0345   548  20.590   1.626         
 0346   548  14.076   0.584         
 0347   548  15.336   2.025         
 0348   548  16.743   1.126         
 0349   548  19.806   1.800         
 0350   548  19.644   1.589         
 0351   548  18.137   1.513         
 0352   548  19.444   1.613         
 0353   548  19.800   1.859         
 0354   548  18.104   1.418         
 0355   548  18.957   1.551         
 0356   548  18.764   1.669         
 0357   548  19.940   1.648         
 0358   548  18.519   1.390         
 0359   548  17.724   1.266         
 0360   548  19.791   1.493         
 0361   548  16.946   1.024         
 0362   548  20.608   1.696         
 0363   548  18.969   1.381         
 0364   548  19.127   2.181         
 0365   548  17.492   1.655         
 0366   548  20.522   1.936         
 0367   548  17.930   2.200         
 0368   548  19.751   1.638         
 0369   548  19.650   1.815         
 0370   548  18.908   1.907         
 0371   548  19.617   1.610         
 0372   548  20.014   1.633         
 0373   548  18.124   1.933         
 0374   548  20.484   2.219         
 0375   548  17.900   1.345         
 0376   548  18.769   2.385         
 0377   548  17.278   3.228         
 0378   548  18.661   1.611         
 0379   548  16.292   2.092         
 0380   548  16.592   1.069         
 0381   548  19.680   2.171         
 0382   548  17.787   1.182         
 0383   548  18.853   1.539         
 0384   548  17.097   1.098         
 0385   548  17.122   1.393         
 0386   548  15.692   1.010         
 0387   548  17.754   1.107         
 0388   548  16.314   0.963         
 0389   548  18.108   1.693         
 0390   548  19.918   2.033         
 0391   548  20.943   1.955         
 0392   548  19.738   1.538         
 0393   548  18.782   1.795         
 0394   548  21.118   2.396         
 0395   548  20.424   1.794         
 0396   548  18.657   1.544         
 0397   548  19.473   1.829         
 0398   548  19.267   2.126         
 0399   548  18.411   1.352         
 0400   548  14.756   1.238         
 0401   548  18.854   1.920         
 0402   548  19.838   2.177         
 0403   548  19.011   1.398         
 0404   548  19.197   1.679         
 0405   548  19.765   1.762         
 0406   548  18.716   1.475         
 0407   548  18.528   1.312         
 0408   548  19.233   1.680         
 0409   548  19.982   1.777         
 0410   548  20.282   1.719         
 0411   548  20.002   1.708         
 0412   548  15.621   1.045         
 0413   548  19.518   1.722         
 0414   548  16.828   0.937         
 0415   548  19.075   1.626         
 0416   548  16.507   1.037         
 0417   548  18.804   1.229         
 0418   548  19.125   2.000         
 0419   548  19.268   1.966         
 0420   548  18.385   1.305         
 0421   548  21.351   0.871         
 0422   548  19.580   1.648         
 0423   548  17.016   1.313         
 0424   548  19.943   2.138         
 0425   548  18.800   1.498         
 0426   548  16.353   1.210         
 0427   548  16.508   1.607         
 0428   548  18.846   1.675         
 0429   548  20.096   1.707         
 0430   548  15.814   1.009         
 0431   548  17.535   1.379         
 0432   548  16.762   1.016         
 0433   548  17.673   1.170         
 0434   548  19.642   1.790         
 0435   548  19.016   1.355         
 0436   548  17.277   1.227         
 0437   548  20.475   1.812         
 0438   548  17.425   1.120         
 0439   548  18.606   1.478         
 0440   548  19.701   2.080         
 0441   548  20.925   1.807         
 0442   548  19.388   1.731         
 0443   548  16.776   1.782         
 0444   548  17.984   1.320         
 0445   548  19.596   2.220         
 0446   548  20.817   2.025         
 0447   548  20.288   2.045         
 0448   548  19.326   1.575         
 0449   548  15.150   0.731         
 0450   548  19.829   1.873         
 0451   548  20.630   2.326         
 0452   548  20.417   2.175         
 0453   548  19.214   1.823         
 0454   548  23.822  -0.384         
 0455   548  19.482   1.783         
 0456   548  17.114   1.141         
 0457   548  19.788   2.105         
 0458   548  22.455   0.747         
 0459   548  20.579   1.963         
 0460   548  18.991   1.594         
 0461   548  20.572   2.446         
 0462   548  20.917   1.547         
 0463   548  19.389   1.551         
 0464   548  19.923   1.567         
 0465   548  19.851   1.688         
 0466   548  20.610   2.043         
 0467   548  19.017   1.500         
 0468   548  15.613   0.959         
 0469   548  18.769   1.707         
 0470   548  18.972   1.366         
 0471   548  15.467   0.772         
 0472   548  20.269   1.735         
 0473   548  14.809   0.721         
 0474   548  20.856   1.336         
 0475   548  17.095   1.392         
 0476   548  15.903   1.063         
 0477   548  17.615   1.399         
 0478   548  17.717   2.607         
 0479   548  20.695   2.162         
 0480   548  16.792   1.165         
 0481   548  21.114   2.300         
 0482   548  19.083   1.401         
 0483   548  18.688   1.437         
 0484   548  16.071   0.963         
 0485   548  20.662   2.149         
 0486   548  14.294   0.678         
 0487   548  18.936   1.525         
 0488   548  17.657   1.134         
 0489   548  20.459   1.756         
 0490   548  20.631   2.770         
 0491   548  16.178   1.861         
 0492   548  18.836   1.542         
 0493   548  17.088   1.414         
 0494   548  14.964   1.100         
 0495   548  13.747   0.836         
 0496   548  19.633   1.646         
 0497   548  18.459   1.596         
 0498   548  16.118   0.949         
 0499   548  17.816   1.315         
 0500   548  19.054   3.481         
 0501   548  14.360   0.864         
 0502   548  19.976   2.155         
 0503   548  19.422   1.663         
 0504   548  18.380   1.601         
 0505   548  19.617   1.872         
 0506   548  21.272   2.179         
 0507   548  20.741   1.835         
 0508   548  19.785   1.899         
 0509   548  20.149   1.224         
 0510   548  17.023   1.196         
 0511   548  18.729   1.707         
 0512   548  20.249   2.248         
 0513   548  19.557   1.716         
 0514   548  19.336   2.045         
 0515   548  20.703   1.529         
 0516   548  18.865   1.709         
 0517   548  19.052   1.907         
 0518   548  16.147   0.818         
 0519   548  18.083   1.658         
 0520   548  18.129   1.215         
 0521   548  20.192   1.604         
 0522   548  20.501   2.615         
 0523   548  15.079   1.586         
 0524   548  19.340   0.996         
 0525   548  18.928   1.688         
 0526   548  19.991   1.779         
 0527   548  20.744   2.338         
 0528   548  19.852   1.952         
 0529   548  17.483   1.326         
 0530   548  17.846   1.415         
 0531   548  14.788   0.884         
 0532   548  20.352   1.976         
 0533   548  18.451   1.254         
 0534   548  18.238   1.517         
 0535   548  17.563   1.270         
 0536   548  20.201   1.893         
 0537   548  19.866   1.549         
 0538   548  17.971   3.703         
 0539   548  18.932   1.790         
 0540   548  16.752   1.327         
 0541   548  17.721   1.099         
 0542   548  16.562   1.434         
 0543   548  20.440   1.538         
 0544   548  19.208   1.471         
 0545   548  20.007   2.208         
 0546   548  19.915   1.785         
 0547   548  14.161   0.804         
 0548   548  14.607   0.983         
 0549   548  18.638   1.385         
 0550   548  17.597   1.774         
 0551   548  19.566   1.785         
 0552   548  18.920   1.662         
 0553   548  15.223   1.517         
 0554   548  19.100   1.829         
 0555   548  18.939   1.408         
 0556   548  16.516   1.304         
 0557   548  12.639   0.343         
 0558   548  20.147   1.600         
 0559   548  19.802   1.567         
 0560   548  20.185   1.893         
 0561   548  19.586   3.050         
 0562   548  21.199   1.710         
 0563   548  19.448   2.018         
 0564   548  19.530   1.768         
 0565   548  17.704   1.457         
 0566   548  20.436   1.886         
 0567   548  20.373   2.271         
 0568   548  19.651   1.116         
 0569   548  18.817   1.399         
 0570   548  19.451   1.687         
 0571   548  19.045   1.533         
 0572   548  18.710   2.072         
 0573   548  20.458   1.462         
 0574   548  15.530   1.109         
 0575   548  19.181   1.896         
 0576   548  21.249   2.143         
 0577   548  19.512   1.882         
 0578   548  16.851   1.055         
 0579   548  20.185   2.389         
 0580   548  19.384   1.755         
 0581   548  20.508   1.517         
 0582   548  20.336   1.880         
 0583   548  15.958   3.253         
 0584   548  18.978   1.250         
 0585   548  14.255   0.750         
 0586   548  20.845   1.586         
 0587   548  21.033   1.786         
 0588   548  14.390   2.060         
 0589   548  20.179   1.810         
 0590   548  17.163   1.206         
 0591   548  20.891   1.916         
 0592   548  18.009   1.374         
 0593   548  17.594   2.460         
 0594   548  19.502   2.009         
 0595   548  19.761   1.666         
 0596   548  15.415   2.051         
 0597   548  19.039   1.739         
 0598   548  13.966   1.528         
 0599   548  19.972   1.845         
 0600   548  19.108   1.583         
 0601   548  18.230   1.286         
 0602   548  16.448   2.002         
 0603   548  19.773   2.029         
 0604   548  19.063   1.687         
 0605   548  19.165   1.577         
 0606   548  18.774   1.689         
 0607   548  16.044   0.931         
 0608   548  20.028   1.955         
 0609   548  20.587   2.096         
 0610   548  18.415   1.254         
 0611   548  18.967   1.579         
 0612   548  17.564   1.314         
 0613   548  20.455   1.864         
 0614   548  18.217   1.597         
 0615   548  19.187   1.681         
 0616   548  18.596   1.335         
 0617   548  18.237   1.951         
 0618   548  17.662   1.156         
 0619   548  20.582   1.736         
 0620   548  18.421   1.353         
 0621   548  15.944   2.939         
 0622   548  19.648   2.812         
 0623   548  20.792   2.189         
 0624   548  20.580   2.435         
 0625   548  18.887   1.303         
 0626   548  19.184   1.837         
 0627   548  15.716   1.242         
 0628   548  16.298   2.716         
 0629   548  19.580   1.652         
 0630   548  16.227   2.478         
 0631   548  20.072   1.722         
 0632   548  19.749   2.941         
 0633   548  20.750   1.532         
 0634   548  17.542   1.089         
 0635   548  19.439   2.124         
 0636   548  18.836   1.505         
 0637   548  17.891   2.797         
 0638   548  19.398   1.714         
 0639   548  19.016   2.118         
 0640   548  18.485   1.643         
 0641   548  18.738   1.438         
 0642   548  17.882   2.371         
 0643   548  18.972   1.611         
 0644   548  19.333   2.222         
 0645   548  20.599   2.125         
 0646   548  19.672   1.730         
 0647   548  19.109   1.657         
 0648   548  16.852   1.453         
 0649   548  21.532   2.775         
 0650   548  16.798   1.097         
 0651   548  17.129   1.103         
 0652   548  19.652   1.700         
 0653   548  16.721   2.679         
 0654   548  20.634   2.566         
 0655   548  20.882   2.629         
 0656   548  19.029   2.027         
 0657   548  17.119   2.865         
 0658   548  19.180   1.811         
 0659   548  19.184   1.422         
 0660   548  18.742   1.368         
 0661   548  19.647   1.858         
 0662   548  17.839   1.790         
 0663   548  19.560   1.856         
 0664   548  20.624   2.369         
 0665   548  20.506   1.530         
 0666   548  16.537   1.122         
 0667   548  14.354   2.611         
 0668   548  19.521   1.773         
 0669   548  19.865   1.747         
 0670   548  20.037   2.095         
 0671   548  17.660   1.347         
 0672   548  17.266   2.104         
 0673   548  20.018   1.779         
 0674   548  17.005   0.959         
 0675   548  18.263   1.567         
 0676   548  20.063   1.522         
 0677   548  19.026   1.675         
 0678   548  18.924   1.539         
 0679   548  19.857   1.816         
 0680   548  17.942   1.215         
 0681   548  17.529   2.941         
 0682   548  18.909   1.434         
 0683   548  20.679   2.010         
 0684   548  17.946   1.640         
 0685   548  20.964   2.086         
 0686   548  17.208   1.403         
 0687   548  18.731   1.785         
 0688   548  19.241   1.772         
 0689   548  18.444   1.349         
 0690   548  19.381   1.654         
 0691   548  21.051   1.886         
 0692   548  18.638   2.427         
 0693   548  21.060   2.182         
 0694   548  16.752   1.012         
 0695   548  21.019   1.657         
 0696   548  18.816   1.300         
 0697   548  15.774   1.082         
 0698   548  18.124   2.846         
 0699   548  17.243   1.382         
 0700   548  17.217   1.033         
 0701   548  18.399   1.744         
 0702   548  18.697   1.556         
 0703   548  18.777   2.085         
 0704   548  18.744   1.632         
 0705   548  19.769   1.343         
 0706   548  21.440   1.990         
 0707   548  21.745   1.535         
 0708   548  17.864   2.436         
 0709   548  17.591   1.366         
 0710   548  19.838   2.099         
 0711   548  16.279   1.146         
 0712   548  18.301   1.317         
 0713   548  15.993   0.911         
 0714   548  18.096   1.719         
 0715   548  20.016   2.031         
 0716   548  19.212   1.933         
 0717   548  20.937   2.141         
 0718   548  19.027   1.474         
 0719   548  19.641   1.713         
 0720   548  20.815   1.842         
 0721   548  17.776   2.271         
 0722   548  19.349   1.680         
 0723   548  21.288   1.382         
 0724   548  19.363   1.609         
 0725   548  21.102   2.037         
 0726   548  16.891   1.045         
 0727   548  17.038   2.261         
 0728   548  19.851   1.597         
 0729   548  18.345   1.435         
 0730   548  18.995   1.535         
 0731   548  19.153   1.629         
 0732   548  14.787   0.825         
 0733   548  20.119   1.840         
 0734   548  19.219   1.689         
 0735   548  22.733   0.720         
 0736   548  18.004   2.631         
 0737   548  18.974   1.714         
 0738   548  15.767   0.784         
 0739   548  21.175   2.311         
 0740   548  18.682   1.778         
 0741   548  20.070   1.874         
 0742   548  18.584   1.332         
 0743   548  19.816   2.027         
 0744   548  18.976   1.974         
 0745   548  19.284   1.639         
 0746   548  19.493   1.747         
 0747   548  19.481   1.539         
 0748   548  19.743   1.910         
 0749   548  19.622   1.849         
 0750   548  17.905   1.399         
 0751   548  18.106   1.324         
 0752   548  21.822   1.248         
 0753   548  19.539   1.687         
 0754   548  20.767   1.453         
 0755   548  16.761   1.076         
 0756   548  20.659   1.999         
 0757   548  17.079   2.643         
 0758   548  19.305   1.381         
 0759   548  18.825   1.757         
 0760   548  19.788   1.816         
 0761   548  19.532   2.038         
 0762   548  17.717   2.505         
 0763   548  18.917   1.792         
 0764   548  18.817   1.814         
 0765   548  18.979   1.929         
 0766   548  20.195   2.278         
 0767   548  19.097   1.994         
 0768   548  17.980   1.424         
 0769   548  19.665   1.557         
 0770   548  20.603   2.034         
 0771   548  18.991   1.472         
 0772   548  17.883   1.494         
 0773   548  19.228   1.927         
 0774   548  16.773   1.509         
 0775   548  16.101   0.858         
 0776   548  17.776   1.197         
 0777   548  18.646   1.788         
 0778   548  21.359   2.512         
 0779   548  19.770   1.910         
 0780   548  15.408   1.892         
 0781   548  18.404   2.095         
 0782   548  20.637   1.550         
 0783   548  20.771   2.020         
 0784   548  20.161   2.427         
 0785   548  16.959   0.992         
 0786   548  15.773   0.857         
 0787   548  18.623   1.325         
 0788   548  16.587   1.141         
 0789   548  20.359   1.946         
 0790   548  19.407   1.687         
 0791   548  17.303   1.085         
 0792   548  20.384   1.816         
 0793   548  20.453   1.957         
 0794   548  20.612   1.490         
 0795   548  20.704   1.873         
 0796   548  20.106   2.191         
 0797   548  19.588   1.771         
 0798   548  20.054   1.683         
 0799   548  16.174   0.699         
 0800   548  20.704   1.787         
 0801   548  20.565   1.780         
 0802   548  18.504   2.302         
 0803   548  17.812   2.565         
 0804   548  20.053   1.667         
 0805   548  18.610   1.407         
 0806   548  20.403   1.730         
 0807   548  20.118   2.054         
 0808   548  18.978   1.289         
 0809   548  19.242   1.639         
 0810   548  19.529   1.692         
 0811   548  18.173   1.436         
 0812   548  19.158   2.910         
 0813   548  14.809   1.075         
 0814   548  21.230   3.097         
 0815   548  16.051   0.927         
 0816   548  18.055   1.457         
 0817   548  18.311   1.442         
 0818   548  14.165   1.938         
 0819   548  17.832   1.199         
 0820   548  18.935   2.088         
 0821   548  18.161   1.425         
 0822   548  18.631   1.349         
 0823   548  16.857   1.394         
 0824   548  17.893   1.347         
 0825   548  17.514   1.084         
 0826   548  19.989   1.943         
 0827   548  15.604   1.125         
 0828   548  19.368   1.873         
 0829   548  20.599   2.172         
 0830   548  21.583   2.264         
 0831   548  13.544   1.563         
 0832   548  18.477   1.594         
 0833   548  18.096   1.260         
 0834   548  19.189   1.618         
 0835   548  20.726   2.592         
 0836   548  18.990   1.781         
 0837   548  18.352   2.385         
 0838   548  19.792   2.533         
 0839   548  19.956   1.679         
 0840   548  20.010   1.493         
 0841   548  20.570   1.919         
 0842   548  19.093   2.161         
 0843   548  19.809   1.701         
 0844   548  19.575   1.557         
 0845   548  20.259   2.015         
 0846   548  20.115   1.634         
 0847   548  21.283   1.887         
 0848   548  16.786   0.990         
 0849   548  19.603   2.115         
 0850   548  20.700   2.027         
 0851   548  19.163   1.730         
 0852   548  20.602   1.911         
 0853   548  15.015   1.906         
 0854   548  16.394   1.468         
 0855   548  18.972   1.749         
 0856   548  18.942   1.479         
 0857   548  20.653   2.368         
 0858   548  16.431   1.281         
 0859   548  20.291   1.835         
 0860   548  17.842   2.712         
 0861   548  18.745   1.969         
 0862   548  19.081   1.636         
 0863   548  17.047   1.489         
 0864   548  17.461   1.111         
 0865   548  18.474   1.462         
 0866   548  16.612   1.072         
 0867   548  18.066   3.067         
 0868   548  20.407   1.960         
 0869   548  20.280   1.600         
 0870   548  15.398   0.728         
 0871   548  19.113   1.516         
 0872   548  21.770   2.101         
 0873   548  21.514   1.948         
 0874   548  19.258   1.504         
 0875   548  17.509   1.215         
 0876   548  16.310   3.292         
 0877   548  18.484   1.306         
 0878   548  16.884   1.291         
 0879   548  17.269   2.363         
 0880   548  19.383   0.133         
 0881   548  18.709   2.681         
 0882   548  19.372   1.704         
 0883   548  18.031   1.129         
 0884   548  20.095   1.897         
 0885   548  17.276   1.154         
 0886   548  18.553   1.468         
 0887   548  21.454   1.466         
 0888   548  20.836   1.052         
 0889   548  19.024   1.950         
 0890   548  16.729   1.412         
 0891   548  18.269   1.321         
 0892   548  16.112   1.164         
 0893   548  18.266   1.296         
 0894   548  19.663   1.459         
 0895   548  19.763   1.632         
 0896   548  19.424   1.716         
 0897   548  20.589   2.131         
 0898   548  21.212   1.718         
 0899   548  20.116   2.557         
 0900   548  18.288   1.343         
 0901   548  16.352   1.002         
 0902   548  20.634   1.587         
 0903   548  18.834   1.673         
 0904   548  14.543   2.790         
 0905   548  19.756   2.181         
 0906   548  20.471   1.732         
 0907   548  19.432   1.589         
 0908   548  20.283   1.867         
 0909   548  19.941   2.073         
 0910   548  19.329   1.623         
 0911   548  19.412   2.562         
 0912   548  18.148   1.396         
 0913   548  19.529   1.783         
 0914   548  17.464   1.150         
 0915   548  18.105   1.284         
 0916   548  17.768   1.168         
 0917   548  20.665   1.843         
 0918   548  19.578   1.455         
 0919   548  16.575   1.032         
 0920   548  18.618   1.278         
 0921   548  20.242   2.207         
 0922   548  20.263   2.487         
 0923   548  18.254   1.514         
 0924   548  18.340   1.280         
 0925   548  18.162   1.280         
 0926   548  18.407   1.693         
 0927   548  19.235   1.885         
 0928   548  19.837   2.340         
 0929   548  13.874   2.433         
 0930   548  18.432   1.603         
 0931   548  21.057   1.644         
 0932   548  20.379  -0.727         
 0933   548  16.269   0.918         
 0934   548  20.300   1.618         
 0935   548  15.940   0.991         
 0936   548  15.816   2.351         
 0937   548  20.259   1.484         
 0938   548  14.120   1.226         
 0939   548  17.703   1.137         
 0940   548  21.198   2.146         
 0941   548  19.326   1.432         
 0942   548  20.067   1.915         
 0943   548  20.372   2.007         
 0944   548  15.423   0.799         
 0945   548  16.446   1.275         
 0946   548  19.202   1.475         
 0947   548  19.131   1.476         
 0948   548  16.620   1.203         
 0949   548  17.163   1.343         
 0950   548  16.361   2.207         
 0951   548  17.673   1.296         
 0952   548  14.995   2.380         
 0953   548  20.252   3.053         
 0954   548  19.698   1.382         
 0955   548  18.908   1.361         
 0956   548  21.578   1.960         
 0957   548  17.707   1.448         
 0958   548  15.615   0.938         
 0959   548  18.642   1.360         
 0960   548  17.281   1.171         
 0961   548  20.195   1.441         
 0962   548  18.018   2.578         
 0963   548  19.055   1.406         
 0964   548  16.608   1.004         
 0965   548  17.680   1.144         
 0966   548  21.157   1.747         
 0967   548  18.679   2.622         
 0968   548  19.241   1.944         
 0969   548  18.933   1.430         
 0970   548  20.563   1.800         
 0971   548  20.793   1.323         
 0972   548  20.402   1.657         
 0973   548  15.421   0.974         
 0974   548  20.749   2.134         
 0975   548  18.298   2.638         
 0976   548  18.915   2.663         
 0977   548  18.127   2.949         
 0978   548  16.659   0.889         
 0979   548  18.363   1.563         
 0980   548  18.270   1.665         
 0981   548  20.012   2.028         
 0982   548  19.407   1.533         
 0983   548  18.177   1.534         
 0984   548  20.351   1.515         
 0985   548  19.421   1.609         
 0986   548  20.126   1.988         
 0987   548  20.453   1.783         
 0988   548  16.727   3.360         
 0989   548  19.514   1.791         
 0990   548  17.469   1.469         
 0991   548  17.046   1.647         
 0992   548  17.827   0.975         
 0993   548  17.932   1.283         
 0994   548  20.646   1.901         
 0995   548  17.045   1.282         
 0996   548  18.616   1.431         
 0997   548  18.905   1.919         
 0998   548  19.231   1.493         
 0999   548  15.890   1.065         
 1000   548  18.919   1.591         
 1001   548  18.547   1.402         
 1002   548  15.366   1.965         
 1003   548  19.618   1.648         
 1004   548  21.558   1.075         
 1005   548  19.998   1.755         
 1006   548  19.797   1.645         
 1007   548  16.669   1.207         
 1008   548  20.262   2.147         
 1009   548  19.250   1.609         
 1010   548  16.959   1.341         
 1011   548  16.157   2.235         
 1012   548  13.586   0.642         
 1013   548  19.785   2.045         
 1014   548  19.967   1.851         
 1015   548  18.813   1.627         
 1016   548  19.667   1.717         
 1017   548  18.816   1.738         
 1018   548  20.075   2.335         
 1019   548  17.745   1.785         
 1020   548  18.246   1.289         
 1021   548  19.613   1.906         
 1022   548  19.849   1.884         
 1023   548  18.426   1.445         
 1024   548  19.301   1.791         
 1025   548  19.861   1.573         
 1026   548  21.924   1.524         
 1027   548  20.018   2.055         
 1028   548  14.470   0.785         
 1029   548  19.634   1.859         
 1030   548  18.602   1.465         
 1031   548  19.838   1.753         
 1032   548  18.386   1.503         
 1033   548  20.078   2.033         
 1034   548  19.843   1.858         
 1035   548  19.551   1.958         
 1036   548  17.380   3.724         
 1037   548  20.854   2.839         
 1038   548  21.536   2.816         
 1039   548  20.555   2.039         
 1040   548  18.347   1.508         
 1041   548  18.711   2.069         
 1042   548  22.827   1.118         
 1043   548  16.626   1.160         
 1044   548  19.473   1.831         
 1045   548  16.641   1.119         
 1046   548  19.849   2.015         
 1047   548  20.054   1.863         
 1048   548  19.595   1.657         
 1049   548  20.184   1.772         
 1050   548  20.384   2.178         
 1051   548  17.875   1.513         
 1052   548  19.384   1.379         
 1053   548  18.332   1.658         
 1054   548  14.701   1.220         
 1055   548  19.754   1.940         
 1056   548  15.923   1.167         
 1057   548  17.777   1.483         
 1058   548  18.795   1.557         
 1059   548  15.488   1.147         
 1060   548  20.456   1.961         
 1061   548  21.273   2.199         
 1062   548  18.005   1.402         
 1063   548  18.028   1.425         
 1064   548  17.291   1.281         
 1065   548  16.470   1.256         
 1066   548  18.370   1.597         
 1067   548  16.041   2.367         
 1068   548  21.604   2.894         
 1069   548  18.713   1.154         
 1070   548  20.599   1.848         
 1071   548  14.954   0.968         
 1072   548  16.135   0.797         
 1073   548  20.980   1.900         
 1074   548  19.809   1.716         
 1075   548  14.611   1.171         
 1076   548  16.497   1.431         
 1077   548  16.702   1.367         
 1078   548  19.934   1.555         
 1079   548  18.924   1.701         
 1080   548  17.946   1.723         
 1081   548  20.975   1.516         
 1082   548  20.200   1.948         
 1083   548  19.521   1.727         
 1084   548  19.163   1.666         
 1085   548  17.703   1.320         
 1086   548  18.955   1.638         
 1087   548  17.581   1.562         
 1088   548  19.137   1.720         
 1089   548  13.230   0.569         
 1090   548  15.771   1.152         
 1091   548  16.093   1.203         
 1092   548  21.754   3.791         
 1093   548  20.303   2.065         
 1094   548  18.497   1.865         
 1095   548  20.978   1.361         
 1096   548  18.256   1.550         
 1097   548  18.725   1.374         
 1098   548  18.836   1.646         
 1099   548  18.817   1.573         
 1100   548  19.490   1.874         
 1101   548  19.026   1.805         
 1102   548  19.978   1.964         
 1103   548  19.075   1.466         
 1104   548  22.332   0.730         
 1105   548  19.372   1.531         
 1106   548  20.242   2.276         
 1107   548  20.644   1.894         
 1108   548  19.603   1.505         
 1109   548  16.461   1.244         
 1110   548  18.886   1.667         
 1111   548  16.950   1.274         
 1112   548  20.466   2.332         
 1113   548  20.952   2.257         
 1114   548  15.069   1.141         
 1115   548  20.609   1.601         
 1116   548  18.503   1.498         
 1117   548  20.336   1.561         
 1118   548  17.489   1.260         
 1119   548  15.857   1.998         
 1120   548  18.308   2.615         
 1121   548  18.307   1.247         
 1122   548  15.327   1.032         
 1123   548  19.219   1.592         
 1124   548  14.716   1.582         
 1125   548  19.886   2.097         
 1126   548  19.891   1.673         
 1127   548  18.673   1.567         
 1128   548  17.247   1.442         
 1129   548  19.450   1.618         
 1130   548  14.958   1.017         
 1131   548  19.701   1.636         
 1132   548  18.973   1.585         
 1133   548  13.714   2.321         
 1134   548  18.769   1.460         
 1135   548  16.471   1.097         
 1136   548  17.143   1.289         
 1137   548  17.351   1.456         
 1138   548  19.326   2.290         
 1139   548  19.785   2.022         
 1140   548  19.807   1.694         
 1141   548  19.286   1.464         
 1142   548  17.292   1.550         
 1143   548  17.392   1.633         
 1144   548  19.843   1.964         
 1145   548  18.047   1.298         
 1146   548  16.981   1.361         
 1147   548  20.558   1.670         
 1148   548  19.587   1.528         
 1149   548  17.499   1.185         
 1150   548  14.607   1.111         
 1151   548  21.165   1.370         
 1152   548  18.428   1.497         
 1153   548  18.066   1.618         
 1154   548  19.227   2.161         
 1155   548  19.886   1.580         
 1156   548  21.119   2.493         
 1157   548  19.027   1.785         
 1158   548  17.147   1.367         
 1159   548  18.022   1.414         
 1160   548  18.176   1.370         
 1161   548  18.918   1.839         
 1162   548  18.433   2.657         
 1163   548  15.609   0.805         
 1164   548  16.681   1.253         
 1165   548  18.490   1.654         
 1166   548  17.610   1.487         
 1167   548  18.921   1.666         
 1168   548  19.371   1.615         
 1169   548  16.833   1.182         
 1170   548  18.223   1.466         
 1171   548  20.324   2.345         
 1172   548  18.911   1.354         
 1173   548  19.367   1.743         
 1174   548  19.390   1.785         
 1175   548  19.149   1.566         
 1176   548  18.007   1.442         
 1177   548  18.222   1.284         
 1178   548  14.037   0.812         
 1179   548  18.435   1.555         
 1180   548  14.724   0.944         
 1181   548  20.487   1.967         
 1182   548  18.865   1.387         
 1183   548  17.901   2.655         
 1184   548  20.081   1.773         
 1185   548  18.255   1.544         
 1186   548  18.773   1.620         
 1187   548  20.114   2.018         
 1188   548  19.959   2.092         
 1189   548  18.901   1.526         
 1190   548  19.869   1.745         
 1191   548  17.464   1.111         
 1192   548  19.607   1.943         
 1193   548  19.013   1.692         
 1194   548  18.456   1.453         
 1195   548  18.865   1.471         
 1196   548  19.281   1.817         
 1197   548  19.421   1.613         
 1198   548  19.588   1.761         
 1199   548  16.473   1.118         
 1200   548  19.936   1.690         
 1201   548  18.863   1.502         
 1202   548  18.481   1.455         
 1203   548  18.955   1.746         
 1204   548  20.715   2.027         
 1205   548  19.774   1.394         
 1206   548  21.041   2.210         
 1207   548  18.549   1.542         
 1208   548  18.541   1.522         
 1209   548  17.867   1.495         
 1210   548  15.129   1.089         
 1211   548  21.465   2.535         
 1212   548  18.718   1.417         
 1213   548  18.179   1.393         
 1214   548  20.673   1.684         
 1215   548  15.301   1.612         
 1216   548  19.599   3.006         
 1217   548  20.726   1.665         
 1218   548  21.210   2.173         
 1219   548  18.861   1.464         
 1220   548  18.225   1.757         
 1221   548  15.384   0.818         
 1222   548  16.506   0.927         
 1223   548  19.853   1.878         
 1224   548  18.217   1.446         
 1225   548  20.520   1.868         
 1226   548  18.387   1.500         
 1227   548  14.788   0.804         
 1228   548  19.456   1.460         
 1229   548  16.805   1.348         
 1230   548  21.064   1.648         
 1231   548  20.766   1.695         
 1232   548  13.154   2.105         
 1233   548  16.939   1.331         
 1234   548  19.156   1.479         
 1235   548  20.094   2.302         
 1236   548  18.959   1.748         
 1237   548  18.930   3.231         
 1238   548  20.082   1.766         
 1239   548  20.362   1.954         
 1240   548  18.123   1.286         
 1241   548  18.428   1.689         
 1242   548  18.616   1.796         
 1243   548  18.817   1.489         
 1244   548  17.508   1.311         
 1245   548  19.772   1.636         
 1246   548  16.730   1.250         
 1247   548  18.252   1.299         
 1248   548  22.613   1.935         
 1249   548  19.290   1.869         
 1250   548  18.426   1.337         
 1251   548  19.928   2.015         
 1252   548  16.636   1.225         
 1253   548  21.076   2.602         
 1254   548  18.302   1.344         
 1255   548  18.619   1.649         
 1256   548  19.834   1.998         
 1257   548  20.428   2.412         
 1258   548  19.622   2.046         
 1259   548  17.630   1.931         
 1260   548  19.496   1.429         
 1261   548  19.519   1.744         
 1262   548  18.433   1.416         
 1263   548  21.487  -0.227         
 1264   548  18.062   1.547         
 1265   548  20.194   1.973         
 1266   548  19.443   1.702         
 1267   548  18.476   1.490         
 1268   548  20.079   1.518         
 1269   548  19.991   1.568         
 1270   548  15.099   0.936         
 1271   548  17.226   1.507         
 1272   548  19.364   1.019         
 1273   548  18.830   1.856         
 1274   548  20.508   2.058         
 1275   548  18.221   1.605         
 1276   548  13.949   0.624         
 1277   548  17.416   2.960         
 1278   548  20.831   1.507         
 1279   548  16.819   1.276         
 1280   548  21.752   1.247         


